TERM xterm
TERM xterm-256color
TERM xterm-color
TERM screen
TERM tmux-256color

RESET 0
NORMAL 00
FILE 00
DIR 01;38;2;255;143;196
LINK 38;2;224;90;155
MULTIHARDLINK 38;2;224;90;155
FIFO 38;2;168;51;104
SOCK 01;38;2;224;90;155
DOOR 01;38;2;224;90;155
BLK 38;2;224;90;155
CHR 38;2;224;90;155
ORPHAN 01;38;2;240;237;235;48;2;120;30;30
MISSING 01;38;2;240;237;235;48;2;120;30;30
EXEC 01;38;2;224;90;155
SETUID 01;38;2;240;237;235
SETGID 01;38;2;240;237;235
CAPABILITY 38;2;224;90;155
OTHER_WRITABLE 01;38;2;255;143;196
STICKY 01;38;2;255;143;196

.tar 38;2;168;51;104
.tgz 38;2;168;51;104
.gz  38;2;168;51;104
.xz  38;2;168;51;104
.zst 38;2;168;51;104
.bz2 38;2;168;51;104
.zip 38;2;168;51;104
.7z  38;2;168;51;104
.rar 38;2;168;51;104
.deb 38;2;168;51;104

.png  38;2;224;90;155
.jpg  38;2;224;90;155
.jpeg 38;2;224;90;155
.gif  38;2;224;90;155
.svg  38;2;224;90;155
.webp 38;2;224;90;155
.mp4  38;2;224;90;155
.mkv  38;2;224;90;155
.pdf  38;2;224;90;155
.mp3  38;2;224;90;155
.flac 38;2;224;90;155
.wav  38;2;224;90;155

.c    38;2;255;143;196
.h    38;2;255;143;196
.cpp  38;2;255;143;196
.hpp  38;2;255;143;196
.py   38;2;255;143;196
.sh   38;2;255;143;196
.rs   38;2;255;143;196
.java 38;2;255;143;196

.conf   38;2;240;237;235
.json   38;2;240;237;235
.jsonc  38;2;240;237;235
.rasi   38;2;240;237;235
.nanorc 38;2;240;237;235
.ini    38;2;240;237;235
.md     38;2;240;237;235
.bak    38;2;74;47;62
.log    38;2;74;47;62
