TERM xterm
TERM xterm-256color
TERM xterm-color
TERM screen
TERM tmux-256color

RESET 0
NORMAL 00
FILE 00
DIR 01;38;2;232;232;232
LINK 38;2;176;176;176
MULTIHARDLINK 38;2;176;176;176
FIFO 38;2;110;110;110
SOCK 01;38;2;176;176;176
DOOR 01;38;2;176;176;176
BLK 38;2;176;176;176
CHR 38;2;176;176;176
ORPHAN 01;38;2;240;237;235;48;2;120;30;30
MISSING 01;38;2;240;237;235;48;2;120;30;30
EXEC 01;38;2;176;176;176
SETUID 01;38;2;240;237;235
SETGID 01;38;2;240;237;235
CAPABILITY 38;2;176;176;176
OTHER_WRITABLE 01;38;2;232;232;232
STICKY 01;38;2;232;232;232

.tar 38;2;110;110;110
.tgz 38;2;110;110;110
.gz  38;2;110;110;110
.xz  38;2;110;110;110
.zst 38;2;110;110;110
.bz2 38;2;110;110;110
.zip 38;2;110;110;110
.7z  38;2;110;110;110
.rar 38;2;110;110;110
.deb 38;2;110;110;110

.png  38;2;176;176;176
.jpg  38;2;176;176;176
.jpeg 38;2;176;176;176
.gif  38;2;176;176;176
.svg  38;2;176;176;176
.webp 38;2;176;176;176
.mp4  38;2;176;176;176
.mkv  38;2;176;176;176
.pdf  38;2;176;176;176
.mp3  38;2;176;176;176
.flac 38;2;176;176;176
.wav  38;2;176;176;176

.c    38;2;232;232;232
.h    38;2;232;232;232
.cpp  38;2;232;232;232
.hpp  38;2;232;232;232
.py   38;2;232;232;232
.sh   38;2;232;232;232
.rs   38;2;232;232;232
.java 38;2;232;232;232

.conf   38;2;240;237;235
.json   38;2;240;237;235
.jsonc  38;2;240;237;235
.rasi   38;2;240;237;235
.nanorc 38;2;240;237;235
.ini    38;2;240;237;235
.md     38;2;240;237;235
.bak    38;2;62;62;62
.log    38;2;62;62;62
